4294967278,51
4294967278,50
4294967278,49
4294967278,48
4294967278,47
4294967278,46
4294967278,45
4294967278,44
4294967278,43
4294967278,42
4294967279,135
4294967279,294
4294967294,30
4294967294,1238
4294967294,1237
4294967294,1235
4294967294,1234
4294967294,1229
4294967294,1218
4294967294,1063
4294967294,1061
4294967294,1060
4294967294,1059
4294967294,1058
4294967294,60
4294967279,289
4294967279,273
4294967279,272
4294967294,12
4294967294,126
35,5
4294967279,288
35,1
4294967294,426
4294967279,270
4294967278,57
4294967278,54
4294967278,53
4294967278,52
4294967279,73
4294967279,72
4294967279,71
4294967279,70
4294967279,67
4294967279,65
4294967279,64
4294967279,63
4294967279,62
4294967279,61
4294967279,60
4294967279,56
4294967279,55
4294967279,53
4294967279,52
4294967279,50
4294967279,49
4294967279,47
4294967279,46
4294967279,44
4294967279,43
4294967279,42
4294967279,40
4294967279,39
4294967279,37
4294967279,36
4294967279,34
4294967279,33
4294967279,32
4294967279,31
4294967279,29
4294967279,28
4294967279,27
4294967279,25
4294967279,24
4294967279,20
4294967279,18
4294967279,17
4294967279,16
4294967279,268
4294967279,267
4294967279,402
4294967279,401
26,3
4294967294,395
4294967294,409
4294967294,419
4294967294,179
4294967294,407
4294967294,1082
4294967294,411
4294967294,168
4294967294,1242
4294967294,403
4294967294,590
4294967294,384
4294967294,111
4294967294,456
4294967294,451
4294967294,464
4294967294,109
4294967294,160
4294967279,265
4294967279,284
4294967279,283
4294967294,387
4294967294,393
4294967294,389
4294967279,263
4294967279,439
4294967278,373
4294967279,262
4294967279,438
4294967279,259
4294967279,437
46,6
4294967279,279
46,5
46,4
4294967279,400
46,3
46,2
46,1
4294967278,372
4294967294,1068
4294967294,1420
4294967294,425
4294967294,429
4294967278,325
4294967278,323
30,3
4294967279,436
4294967278,322
4294967278,254
4294967278,321
4294967294,37
4294967294,36
4294967294,39
4294967278,253
4294967278,371
4294967279,435
4294967278,370
4294967279,434
4294967279,411
4294967278,248
4294967278,319
4294967278,249
4294967294,40
4294967294,99
4294967294,107
4294967294,471
4294967278,247
4294967278,245
4294967278,244
4294967294,1423
4294967294,45
4294967294,44
4294967294,1422
4294967294,43
4294967294,53
4294967294,1080
4294967294,1245
4294967294,413
4294967294,89
4294967294,92
4294967294,90
4294967294,88
4294967294,86
4294967294,85
4294967278,243
4294967294,42
4294967278,242
4294967278,239
4294967279,14
4294967279,13
4294967279,11
4294967279,10
4294967278,238
26,5
5,5
4294967278,236
30,2
4294967278,234
28,4
30,8
30,6
30,5
4294967278,232
19,2
4294967278,229
19,5
32,6
30,4
30,7
4294967294,1425
4294967294,7
19,4
19,6
4294967294,81
4294967294,127
4294967294,18
4294967294,1163
4294967294,82
4294967294,1247
4294967294,11
4294967278,132
4294967278,131
4294967278,130
4294967278,129
4294967278,128
4294967278,127
4294967278,126
4294967278,125
4294967278,124
4294967278,123
4294967278,122
4294967278,121
4294967278,120
4294967278,119
4294967278,118
4294967278,117
4294967278,116
4294967278,115
4294967278,114
4294967278,113
4294967278,112
4294967278,111
4294967278,110
4294967278,109
4294967278,108
4294967278,107
4294967278,103
4294967278,101
4294967278,99
4294967278,98
4294967278,97
4294967278,92
4294967278,90
4294967278,87
4294967278,86
4294967278,85
4294967278,346
4294967278,81
4294967278,80
4294967278,76
4294967278,74
4294967278,73
4294967278,72
4294967278,71
4294967278,339
4294967278,69
4294967278,304
4294967278,68
4294967278,67
4294967278,302
4294967278,66
4294967278,338
4294967278,65
4294967278,64
4294967278,63
4294967278,62
4294967278,61
4294967278,60
4294967278,59
4294967278,58
4294967278,56
4294967278,55
4294967279,74
4294967279,69
4294967279,68
4294967279,312
4294967279,66
4294967279,59
4294967279,58
4294967279,57
4294967279,54
4294967279,51
4294967279,48
4294967279,45
4294967279,41
4294967279,38
4294967279,35
4294967279,30
4294967279,26
4294967279,23
4294967279,22
4294967279,21
4294967279,19
4294967279,15
4294967279,12
4294967279,9
4294967279,8
4294967279,7
4294967279,6
4294967279,5
4294967279,4
40,4
40,5
26,4
27,4
4294967278,225
22,4
22,5
21,4
21,5
4294967278,223
2,4
4294967278,106
4294967278,222
4294967278,96
4294967278,105
4294967278,220
4294967278,104
4294967278,218
4294967278,215
4294967294,114
4294967294,115
4294967278,102
4294967278,214
4294967278,317
4294967278,213
4294967278,100
4294967278,316
